557273350414794772
644527373651279872
651041554018074655
662788195737403442
671354661462212629
671357515065458723
366709133195476992
364127189098299405
402203494649692188
273992892413116416
464599315663290388
365975655608745985
456633518882160642
284035252408680448
235088799074484224
330416853971107840
184405311681986560
550613223733329920
387435655925596160
470673087671566366
155149108183695360
298673420181438465
425696108455657472
416358583220043796
534589798267224065
159985870458322944
234395307759108106
474027103273222173
368105370532577280
252603714848686080